23452 2345
64355 63453
234524 7657
23455 32454
4567 74567
0 456745
3456 63456
345645 64564
234234 34564
86786 34566
4357457 3456
357345 46535
3452 346234
234546 34532
656456 3452
46775 2342
456457 3453
5674567 2345
23423 356377
56435 734573
3453 2346363
2323 54678 
23452 56754
2342 632473
2348 32463
86587 567857
87857 865795
5675347 5674
4654884 456746
4568567 46536
345646 567574
345456 86786
45656 456
345737 34543
234235 5454
234234 34532
2346 23455
75467 87685
34563 3474356
343756 345
34 345
2345 264
2342 54
234435 254 
23452 56
34 345
23 4
23 5
2 75
34 7
34 88
2 8
0 7
23 234 
2352 235235
2 4578
345894 2
2348 23
23434 457
2347 23738
234739 459745
273473 739 
3479347 3434
23425 234
2 6564
34563 456
3456 7457
345 3453
3246 754674
867 45635 
34564356 7345
35645 7457 
345346 3456
34536 234
1232513 123
1234312 12341234
234 345324
234523 23
23523 234
534523 34664
23423 23523
123 235215
21343 523235
213434 2342
12341 523
2342 6236262
2343 645636
23626 24235353
2343 34243
3 42342 
234 53533 
23 34343 
253 5343533
222 3533
2323 3412
2535 3252535 
234164 45345
346346 23424 
56456457 23343
34546 345456 
233 3523 
5555 235343 
23534 253423235 
2343 255 
23 5 
33 55
233 333 
5235 233 
6453 345 
3446 34544 
364 45454 
34646 3446 
346 464
36 45555 
455 444 
3444 4444 
34 4454 
34 54544
34 44444
34 354 
6564 34
23 65434 
234 66
34 5
34445 4
3455 464 
3454 666 
4546 44 
6467 34 
764 34 
764 54 
666 55 
3433 4443 
4353 6565
3343 5444 
343 54546 
345 764 
546 4744 
343 6566 
345 777 
4543 76 
7856 74
4547 45565 
4546 464 
45474 455 
4546 454 
6454 5
45 4
45 6
34 7 